0
0
30
0.001
01011010
10000000
11011111
011X1X01
11100110
X001X101
00010111
00101100
01110011
101X110X
01X1000X
11110X10
11101011
XX0X001X
00100111
00100100
111X0X01
00101010
11101001
10011100
1000110X
1010X001
0X001011
0111X111
10010100
11000001
00011110
1X10X000
11XXX100
11011000
24
0.148
10110000
1000110X
01001000
11101100
11000011
10111101
01101011
00111111
10000100
11110001
110XXXX0
0101101X
00101100
11110010
01101001
10101101
11011111
00101010
00010100
11101011
11110101
10100000
00011010
10101001
26
0.15
10000010
01101001
10111101
00010111
1XX1X000
11101011
00101010
11010001
11011111
0X110111
00011110
1000110X
11011010
10010100
00110000
11100101
11X000X1
11001100
10111111
00101100
11110X10
01110011
1010X000
0110X010
00100100
0101101X
